10.0 0.0001822412077208188 1.0 1.0 1.822412077208188e-5 1.822412077208188e-5 
10.392556829367125 0.00018888410431364404 1.0392556829367126 1.0392556829367126 1.8888410431364404e-5 1.8888410431364404e-5  
13.093533273536101 0.00023664916961026194 1.3093533273536102 1.3093533273536102 2.3664916961026196e-5 2.3664916961026196e-5  
15.873361110102095 0.00029798295682218086 1.5873361110102095 1.5873361110102095 2.9798295682218088e-5 2.9798295682218088e-5  
20.783838185797574 0.00038392333593949057 2.0783838185797574 2.0783838185797574 3.839233359394906e-5 3.839233359394906e-5  
25.196359293170147 0.00048351176256560447 2.519635929317015 2.519635929317015 4.835117625656045e-5 4.835117625656045e-5  
30.545682465154318 0.0005788825240562851 3.054568246515432 3.054568246515432 5.7888252405628515e-5 5.7888252405628515e-5  
37.03069584005141 0.0007139070730208598 3.703069584005141 3.703069584005141 7.139070730208598e-5 7.139070730208598e-5  
48.48626481239081 0.0009196521647881366 4.848626481239081 4.848626481239081 9.196521647881367e-5 9.196521647881367e-5  
61.08761607505036 0.0011949906424144573 6.108761607505037 6.108761607505037 0.00011949906424144573 0.00011949906424144573  
93.30387172620365 0.001830154293942988 9.330387172620366 9.330387172620366 0.0001830154293942988 0.0001830154293942988  
122.16773489967919 0.0023700459283263705 12.21677348996792 12.21677348996792 0.00023700459283263706 0.00023700459283263706  
159.9607301861488 0.00318552085105159 15.99607301861488 15.99607301861488 0.000318552085105159 0.000318552085105159 
209.44511431514687 0.004082635662026491 20.944511431514687 20.944511431514687 0.00040826356620264913 0.00040826356620264913 
217.6670253153459 0.0042627023203503575 21.76670253153459 21.76670253153459 0.0004262702320350358 0.0004262702320350358  
285.00304385181084 0.0055815633316996 28.500304385181085 28.500304385181085 0.00055815633316996 0.00055815633316996  
373.16968377327515 0.007374466905517079 37.31696837732752 37.31696837732752 0.0007374466905517079 0.0007374466905517079  
507.79172432054037 0.009782184792161997 50.77917243205404 50.77917243205404 0.0009782184792161998 0.0009782184792161998  
690.9790545715645 0.01354169113024555 69.09790545715644 69.09790545715644 0.0013541691130245551 0.0013541691130245551  
977.1619672696172 0.019252625007198244 97.71619672696173 97.71619672696173 0.0019252625007198246 0.0019252625007198246  
1231.1217482038908 0.025048334863703756 123.11217482038909 123.11217482038909 0.002504833486370376 0.002504833486370376  
1551.0844769528405 0.03147657676128223 155.10844769528407 155.10844769528407 0.003147657676128223 0.003147657676128223  
2030.9176209047348 0.04071669918756371 203.09176209047348 203.09176209047348 0.004071669918756371 0.004071669918756371  
2763.5770147361604 0.05325453246020493 276.35770147361603 276.35770147361603 0.005325453246020493 0.005325453246020493  
3481.8176306889663 0.06202579702289516 348.18176306889666 348.18176306889666 0.006202579702289516 0.006202579702289516  
4386.725591048499 0.07126945570330784 438.67255910484994 438.67255910484994 0.007126945570330784 0.007126945570330784  
5318.051128214202 0.08157341382091167 531.8051128214203 531.8051128214203 0.008157341382091168 0.008157341382091168  
6700.18750350959 0.09325781679527792 670.0187503509591 670.0187503509591 0.009325781679527792 0.009325781679527792  
8772.912801613356 0.1105538263503694 877.2912801613356 877.2912801613356 0.01105538263503694 0.01105538263503694  
11052.951411260221 0.12669076402381513 1105.2951411260221 1105.2951411260221 0.012669076402381513 0.012669076402381513  
12893.412965257157 0.13714003526024746 1289.3412965257157 1289.3412965257157 0.013714003526024747 0.013714003526024747  
15630.754179458174 0.1526579982379448 1563.0754179458174 1563.0754179458174 0.01526579982379448 0.01526579982379448  
19693.113379074217 0.1728716831264811 1969.3113379074218 1969.3113379074218 0.01728716831264811 0.01728716831264811 
22972.275360711512 0.18721634224447467 2297.2275360711515 2297.2275360711515 0.01872163422444747 0.01872163422444747  
31259.590004822778 0.22087529547246446 3125.959000482278 3125.959000482278 0.022087529547246448 0.022087529547246448  
40929.848184524424 0.252724938523383 4092.9848184524426 4092.9848184524426 0.025272493852338304 0.025272493852338304  
53591.632908485146 0.2886001847714205 5359.163290848515 5359.163290848515 0.028860018477142053 0.028860018477142053  
75787.6886362593 0.34422982819358294 7578.768863625931 7578.768863625931 0.034422982819358294 0.034422982819358294  
99232.86228832546 0.391800593067637 9923.286228832547 9923.286228832547 0.0391800593067637 0.0391800593067637  
120300.53494233242 0.4265858539867506 12030.053494233243 12030.053494233243 0.042658585398675064 0.042658585398675064  
157515.90570916212 0.48455882670618067 15751.590570916213 15751.590570916213 0.04845588267061807 0.04845588267061807  
222754.29519995564 0.5551645131910492 22275.429519995567 22275.429519995567 0.055516451319104924 0.055516451319104924  
303113.5501567576 0.5718192122970275 30311.35501567576 30311.35501567576 0.057181921229702753 0.057181921229702753 
353585.9366535176 0.5636871298275071 35358.593665351764 35358.593665351764 0.056368712982750716 0.056368712982750716  
462968.9226627268 0.5333812961568022 46296.89226627268 46296.89226627268 0.05333812961568022 0.05333812961568022  
606189.8993497572 0.4772669769070566 60618.989934975725 60618.989934975725 0.047726697690705665 0.047726697690705665  
824874.6552614581 0.4039642449814407 82487.46552614582 82487.46552614582 0.04039642449814407 0.04039642449814407  
925881.0253973946 0.37523682665275904 92588.10253973946 92588.10253973946 0.037523682665275906 0.037523682665275906 
962227.1173675135 0.3661223969255726 96222.71173675136 96222.71173675136 0.03661223969255726 0.03661223969255726 
1.0e6 0.35722935492835095 100000.0 100000.0 0.035722935492835096 0.035722935492835096 
