10.0 4.620453063418984 1.0 1.0 0.46204530634189844 0.46204530634189844   
15.27377850390714 6.66444620416373 1.527377850390714 1.527377850390714 0.6664446204163731 0.6664446204163731  
20.783838185797574 8.47937819558205 2.0783838185797574 2.0783838185797574 0.8479378195582051 0.8479378195582051  
25.196359293170147 9.790782605106493 2.519635929317015 2.519635929317015 0.9790782605106494 0.9790782605106494  
31.744774091091934 11.442065402982369 3.1744774091091936 3.1744774091091936 1.1442065402982369 1.1442065402982369  
48.48626481239081 14.907706884699191 4.848626481239081 4.848626481239081 1.4907706884699192 1.4907706884699192  
56.55986461065005 16.449197908261286 5.655986461065005 5.655986461065005 1.6449197908261288 1.6449197908261288  
74.05684692262439 19.391787234880283 7.405684692262439 7.405684692262439 1.9391787234880284 1.9391787234880284  
96.9665789314552 22.887868126563895 9.69665789314552 9.69665789314552 2.2887868126563897 2.2887868126563897  
108.84019160690066 24.10523188704574 10.884019160690066 10.884019160690066 2.410523188704574 2.410523188704574  
131.9475521676706 25.87250687811242 13.194755216767062 13.194755216767062 2.5872506878112422 2.5872506878112422  
179.54801246878304 26.082923528434737 17.954801246878304 17.954801246878304 2.608292352843474 2.608292352843474  
217.6670253153459 22.488708469844276 21.76670253153459 21.76670253153459 2.2488708469844276 2.2488708469844276  
285.00304385181084 16.96534328227166 28.500304385181085 28.500304385181085 1.696534328227166 1.696534328227166  
345.5107294592218 14.896150281217578 34.55107294592218 34.55107294592218 1.489615028121758 1.489615028121758  
435.30733647318874 13.815165321079663 43.530733647318876 43.530733647318876 1.3815165321079663 1.3815165321079663  
592.3457145875806 14.043903182566263 59.23457145875806 59.23457145875806 1.4043903182566264 1.4043903182566264  
746.2935686310137 14.839741839407639 74.62935686310138 74.62935686310138 1.4839741839407639 1.4839741839407639  
904.7357242349293 15.032460577688774 90.47357242349294 90.47357242349294 1.5032460577688775 1.5032460577688775   
1381.873305653632 13.800779214310463 138.18733056536323 138.18733056536323 1.3800779214310464 1.3800779214310464  
1675.2524724082155 12.51285467436765 167.52524724082156 167.52524724082156 1.251285467436765 1.251285467436765  
2369.0920741826344 10.051687981531774 236.90920741826346 236.90920741826346 1.0051687981531774 1.0051687981531774  
3101.978590138097 8.142248415606524 310.1978590138097 310.1978590138097 0.8142248415606524 0.8142248415606524  
4061.5859883769795 6.365342797862994 406.158598837698 406.158598837698 0.6365342797862995 0.6365342797862995 
5743.773748826587 4.550655165969854 574.3773748826587 574.3773748826587 0.4550655165969854 0.4550655165969854  
7236.553422869657 3.5527377119886108 723.6553422869657 723.6553422869657 0.3552737711988611 0.3552737711988611  
9475.205302806538 2.703012250067012 947.5205302806539 947.5205302806539 0.27030122500670123 0.27030122500670123 
12893.412965257157 1.8627731175773783 1289.3412965257157 1289.3412965257157 0.18627731175773785 0.18627731175773785  
16882.03316700363 1.392266652148051 1688.2033167003628 1688.2033167003628 0.1392266652148051 0.1392266652148051  
23874.06771860647 0.9132434250613704 2387.406771860647 2387.406771860647 0.09132434250613704 0.09132434250613704  
36464.72223212745 0.5394461850687239 3646.4722232127456 3646.4722232127456 0.05394461850687239 0.05394461850687239  
51567.32244854963 0.3513113241176851 5156.732244854964 5156.732244854964 0.03513113241176851 0.03513113241176851  
78762.78611187064 0.20408539172802403 7876.278611187064 7876.278611187064 0.020408539172802404 0.020408539172802404  
103128.31606721847 0.1452124307846823 10312.831606721847 10312.831606721847 0.01452124307846823 0.01452124307846823  
145840.98829439864 0.09357086680521944 14584.098829439865 14584.098829439865 0.009357086680521943 0.009357086680521943  
176803.81784572086 0.07316380959189522 17680.381784572088 17680.381784572088 0.007316380959189523 0.007316380959189523  
214340.22335148545 0.05659615812935286 21434.022335148547 21434.022335148547 0.005659615812935287 0.005659615812935287  
280647.0846309839 0.03756645318958188 28064.708463098388 28064.708463098388 0.003756645318958188 0.003756645318958188 
340229.97656780714 0.026701931392265402 34022.99765678072 34022.99765678072 0.0026701931392265404 0.0026701931392265404  
462968.9226627268 0.013907567505849776 46296.89226627268 46296.89226627268 0.0013907567505849778 0.0013907567505849778  
540059.3278542374 0.009693549533334166 54005.93278542374 54005.93278542374 0.0009693549533334166 0.0009693549533334166  
680418.1968927094 0.005503123315162952 68041.81968927094 68041.81968927094 0.0005503123315162952 0.0005503123315162952  
793716.7617217542 0.0037321342140602155 79371.67617217543 79371.67617217543 0.0003732134214060216 0.0003732134214060216  
890907.8300934143 0.002797007395692667 89090.78300934144 89090.78300934144 0.0002797007395692667 0.0002797007395692667  
1.0e6 0.0020962264662403793 100000.0 100000.0 0.00020962264662403794 0.00020962264662403794 
