10.0 0.0043652188603562035 1.0 1.0 0.00043652188603562035 0.00043652188603562035 
10.392556829367125 0.004389523980079321 1.0392556829367126 1.0392556829367126 0.0004389523980079321 0.0004389523980079321 
13.607528864243331 0.004530230294019517 1.3607528864243332 1.3607528864243332 0.0004530230294019517 0.0004530230294019517  
24.244620170823282 0.0047430606737101635 2.4244620170823286 2.4244620170823286 0.0004743060673710164 0.0004743060673710164  
50.3896262506515 0.005150827557098023 5.0389626250651505 5.0389626250651505 0.0005150827557098024 0.0005150827557098024  
79.98527336796712 0.005432671034345291 7.9985273367967125 7.9985273367967125 0.0005432671034345291 0.0005432671034345291  
126.96351276599741 0.00572949091681684 12.696351276599742 12.696351276599742 0.000572949091681684 0.000572949091681684  
201.53376859417332 0.005277742359227396 20.153376859417335 20.153376859417335 0.0005277742359227396 0.0005277742359227396  
332.45979322709417 0.0039003482492061567 33.24597932270942 33.24597932270942 0.0003900348249206157 0.0003900348249206157  
507.79172432054037 0.0033461173003572885 50.77917243205404 50.77917243205404 0.0003346117300357289 0.0003346117300357289  
718.1039092537349 0.003079302065351656 71.81039092537348 71.81039092537348 0.0003079302065351656 0.0003079302065351656  
1015.5211276345681 0.0027001229481361535 101.55211276345682 101.55211276345682 0.00027001229481361534 0.00027001229481361534  
1551.0844769528405 0.002054377064781652 155.10844769528407 155.10844769528407 0.00020543770647816519 0.00020543770647816519  
2193.49739890506 0.0015418773814524728 219.34973989050602 219.34973989050602 0.00015418773814524728 0.00015418773814524728  
3101.978590138097 0.0011162888586211323 310.1978590138097 310.1978590138097 0.00011162888586211323 0.00011162888586211323  
4737.893390963144 0.00072124964834143 473.78933909631445 473.78933909631445 7.2124964834143e-5 7.2124964834143e-5  
5526.814857144603 0.0006113103650748528 552.6814857144603 552.6814857144603 6.113103650748529e-5 6.113103650748529e-5  
8441.534596012985 0.000380364535075376 844.1534596012986 844.1534596012986 3.80364535075376e-5 3.80364535075376e-5  
11937.766417144358 0.00025357832005646036 1193.7766417144358 1193.7766417144358 2.5357832005646038e-5 2.5357832005646038e-5  
16882.03316700363 0.0001708575210289056 1688.2033167003628 1688.2033167003628 1.708575210289056e-5 1.708575210289056e-5  
27849.413500806444 9.119091554535566e-5 2784.9413500806445 2784.9413500806445 9.119091554535566e-6 9.119091554535566e-6  
39383.80983288489 5.9032951598979276e-5 3938.380983288489 3938.380983288489 5.9032951598979276e-6 5.9032951598979276e-6  
49619.47603002908 4.420579898545319e-5 4961.947603002908 4961.947603002908 4.420579898545319e-6 4.420579898545319e-6  
57881.7703770128 3.623970823858581e-5 5788.17703770128 5788.17703770128 3.623970823858581e-6 3.623970823858581e-6  
67519.84523072508 2.968414670580722e-5 6751.984523072509 6751.984523072509 2.9684146705807223e-6 2.9684146705807223e-6 
70170.38286703822 2.8235747751408806e-5 7017.038286703822 7017.038286703822 2.8235747751408807e-6 2.8235747751408807e-6   
88407.33401525063 2.0979687936903112e-5 8840.733401525064 8840.733401525064 2.0979687936903114e-6 2.0979687936903114e-6  
111383.98264826206 1.5649734797892876e-5 11138.398264826206 11138.398264826206 1.5649734797892876e-6 1.5649734797892876e-6  
140332.15376054848 1.1660296529203586e-5 14033.215376054848 14033.215376054848 1.1660296529203588e-6 1.1660296529203588e-6  
176803.81784572086 8.674131927463957e-6 17680.381784572088 17680.381784572088 8.674131927463957e-7 8.674131927463957e-7   
214340.22335148545 6.713993411398499e-6 21434.022335148547 21434.022335148547 6.713993411398499e-7 6.713993411398499e-7  
250030.68519063265 5.398345263207491e-6 25003.068519063265 25003.068519063265 5.398345263207491e-7 5.398345263207491e-7  
315012.4795755328 3.703990701329808e-6 31501.247957553278 31501.247957553278 3.7039907013298083e-7 3.7039907013298083e-7  
367466.1940736688 2.75024387427999e-6 36746.61940736688 36746.61940736688 2.7502438742799904e-7 2.7502438742799904e-7  
500030.684249109 1.4112604175402986e-6 50003.0684249109 50003.0684249109 1.4112604175402987e-7 1.4112604175402987e-7  
561259.7255954978 1.0722794132601489e-6 56125.97255954978 56125.97255954978 1.0722794132601489e-7 1.0722794132601489e-7  
707128.4778942997 6.114018756660685e-7 70712.84778942997 70712.84778942997 6.114018756660685e-8 6.114018756660685e-8  
890907.8300934143 3.4554909494438797e-7 89090.78300934144 89090.78300934144 3.4554909494438795e-8 3.4554909494438795e-8  
962227.1173675135 2.860101407844332e-7 96222.71173675136 96222.71173675136 2.8601014078443325e-8 2.8601014078443325e-8 
1.0e6 2.6020597672236223e-7 100000.0 100000.0 2.6020597672236223e-8 2.6020597672236223e-8 
